Run Duration (ms)	Benchmark	CPU Frequency (MHz)	CPU Temperature(C)	Voltage[V]	Power[W]	CPU_CYCLES	BR_MIS_PRED	BR_PRED	MEM_ACCESS	L1I_CACHE	L1D_CACHE_WB
0.501335228	blackscholes	102.0	35.5	5.08	0.203	50768455	281630	11357802	24061428	25050921	129569
1.005497506	blackscholes	102.0	35.5	5.08	0.203	50553245	340529	7201809	13878153	18963030	160879
1.507249049	blackscholes	102.0	35.5	5.08	0.203	50377528	331784	7218429	13907408	18932161	159106
2.008938768	blackscholes	102.0	35.5	5.08	0.203	50708156	337651	7387059	14266582	19210776	159959
2.511753881	blackscholes	102.0	36.0	5.08	0.203	49974757	328839	7437934	14482469	19164833	156379
3.013803038	blackscholes	102.0	35.5	5.08	0.203	50163702	326287	7482710	14582125	19225639	155442
3.516242103	blackscholes	102.0	35.5	5.08	0.203	49677231	321490	7376597	14339686	18975938	153945
4.018230584	blackscholes	102.0	35.5	5.08	0.203	51210339	325501	7782024	15285054	19760429	159456
4.520290787	blackscholes	102.0	35.5	5.08	0.203	50136540	322106	7637406	14957448	19353380	155074
5.022170935	blackscholes	102.0	35.5	5.08	0.203	50454906	319101	7643176	14973520	19455374	154995
5.524352914	blackscholes	102.0	35.5	5.08	0.203	51156255	317484	7912652	15600265	19896225	160023
6.026310670	blackscholes	102.0	35.5	5.08	0.203	50884954	318979	7850476	15360833	19761781	157668
6.528485412	blackscholes	102.0	35.5	5.08	0.203	51143840	316987	7679391	15098942	19586550	158392
7.030652654	blackscholes	102.0	35.5	5.08	0.203	51176329	318837	7817753	15398944	19770585	159942
7.532802346	blackscholes	102.0	35.5	5.08	0.203	50601277	311947	7951093	15723981	19837071	157122
8.034933027	blackscholes	102.0	35.5	5.072	0.203	51020290	308859	7995112	15820098	19906262	157434
8.536567135	blackscholes	102.0	35.5	5.08	0.203	49890755	306517	7904427	15621757	19628395	152183
9.038988763	blackscholes	102.0	35.5	5.08	0.203	51015537	307965	8093665	16027850	20051383	156328
9.541100698	blackscholes	102.0	35.5	5.08	0.203	51308700	307446	8171575	16139722	20170810	158823
10.043717282	blackscholes	102.0	35.5	5.08	0.203	51335552	308585	8215326	16294099	20231504	157724
10.545786718	blackscholes	102.0	35.5	5.08	0.203	50745428	303780	8025267	15895750	19870262	153722
11.047691567	blackscholes	102.0	35.5	5.08	0.243	50596932	302733	7942439	15744758	19751456	156244
11.549695170	blackscholes	102.0	35.5	5.072	0.203	50651751	297090	8374382	16738747	20273577	154185
12.052113785	blackscholes	102.0	35.0	5.08	0.243	51081379	299812	8448369	16723512	20465216	154916
12.558578961	blackscholes	102.0	35.0	5.08	0.162	51517426	298285	8422046	16846055	20519030	159401
13.060181464	blackscholes	102.0	35.5	5.08	0.162	50011554	296601	8836153	17395237	20731472	153021
13.561706466	blackscholes	102.0	35.0	5.08	0.162	51534001	318576	8353117	16488519	20725375	156684
14.063910705	blackscholes	102.0	35.5	5.08	0.162	62698662	374766	8289271	15716084	22495815	201760
14.466719425	blackscholes	102.0	35.0	5.08	0.162	51624080	310637	6783308	12822300	18320492	170785
0.501271541	bodytrack	102.0	35.5	5.08	0.203	50066217	276445	11277760	23913082	24780528	131191
1.003445034	bodytrack	102.0	35.5	5.08	0.203	51170655	342668	7274837	14003959	19226466	162002
1.505095857	bodytrack	102.0	35.5	5.08	0.203	50868589	340677	7367502	14222774	19268006	161161
0.500930342	bodytrack	102.0	35.5	5.08	0.243	49136605	270611	11154014	23673519	24413557	124298
1.003145561	bodytrack	102.0	35.5	5.08	0.203	50877177	353083	7199699	13810674	18986463	160902
1.505133327	bodytrack	102.0	35.5	5.08	0.203	50947564	315315	7369892	14234526	19197828	161956
2.007100417	bodytrack	102.0	35.0	5.08	0.203	50914515	338577	7400166	14259969	19263903	161031
0.500919716	dedup	102.0	35.5	5.08	0.203	49964201	275621	11247732	23870749	24708243	133898
1.003338272	dedup	102.0	35.5	5.08	0.203	49939661	333333	7061254	13525086	18649857	157827
1.507015090	dedup	102.0	35.5	5.08	0.203	50654080	335372	7297785	14107433	19077281	160766
2.008995147	dedup	102.0	35.5	5.08	0.203	50572685	327665	7077174	13639488	18544927	156937
2.510948434	dedup	102.0	35.5	5.08	0.203	51539306	340755	7716012	14997327	19788905	161753
3.012880471	dedup	102.0	35.5	5.08	0.203	51047888	326340	7625253	14883579	19519958	160001
3.515010222	dedup	102.0	35.0	5.08	0.203	50071013	323663	7504425	14600741	19214660	156407
4.016994241	dedup	102.0	35.0	5.08	0.203	48606624	310171	7332957	14319982	18700780	150348
4.519066440	dedup	102.0	35.0	5.08	0.203	50273666	322562	7621591	14949044	19345597	157193
5.020897593	dedup	102.0	35.5	5.08	0.203	50706098	325177	7728453	15081071	19623461	158288
5.523074744	dedup	102.0	35.0	5.08	0.203	50948544	316925	7765173	15273818	19649828	161858
6.025022620	dedup	102.0	35.5	5.08	0.203	50470696	323634	7789210	15262957	19601984	158754
6.527441602	dedup	102.0	35.5	5.08	0.203	49798772	308035	7517983	14743606	19091364	156242
7.029334374	dedup	102.0	35.5	5.08	0.203	50372864	317172	7692562	15114881	19460896	157696
7.531629032	dedup	102.0	35.0	5.08	0.203	50871938	316644	7970602	15755787	19877868	159081
8.033657381	dedup	102.0	35.0	5.08	0.203	51254030	315041	7984949	15722169	19994789	158835
8.535612344	dedup	102.0	35.5	5.08	0.203	51389713	314466	8107014	15980297	20118547	159353
9.037159798	dedup	102.0	35.0	5.08	0.203	50425089	305124	8015250	15848798	19811701	154974
9.539337268	dedup	102.0	35.5	5.08	0.203	51433106	311085	8238263	16288555	20284426	160613
10.045469111	dedup	102.0	35.0	5.08	0.203	50915497	309719	8145642	16148595	20105561	157827
10.547461683	dedup	102.0	35.0	5.08	0.203	50864582	308672	8128484	16050695	20038109	157862
11.049426025	dedup	102.0	35.5	5.08	0.203	50929810	307596	8092788	16012229	20003518	157444
11.551613135	dedup	102.0	35.5	5.08	0.203	50270769	297981	8193239	16302529	19990294	155569
12.053613053	dedup	102.0	35.0	5.08	0.243	49890077	292826	7982994	15823284	19442351	151986
12.557066810	dedup	102.0	35.5	5.08	0.162	51652907	303468	8585573	17071978	20715317	158619
13.059126731	dedup	102.0	35.5	5.08	0.162	49896246	304601	8843022	17332542	20757686	153272
13.560970606	dedup	102.0	35.0	5.08	0.162	50606930	307578	8051387	15904616	20115042	158209
14.063008913	dedup	102.0	35.5	5.08	0.162	67226649	405017	8913772	16592268	24165712	214492
14.494922779	dedup	102.0	35.0	5.072	0.162	53297761	280281	7831142	15315485	19506647	319403
0.500969555	dedup	102.0	35.5	5.08	0.203	50425743	275621	11303313	23961453	24887257	131074
1.003322479	dedup	102.0	35.0	5.08	0.203	51774092	346744	7315291	14065916	19368319	164547
1.505920931	dedup	102.0	35.5	5.08	0.203	49698692	337015	7202888	13882374	18861366	158077
2.007626132	dedup	102.0	35.0	5.08	0.203	48728844	324372	7004959	13523019	18355630	156001
2.510158229	dedup	102.0	35.5	5.08	0.243	50073300	331877	7425778	14474952	19203987	159235
3.012118647	dedup	102.0	35.5	5.08	0.203	50893372	326750	7455438	14538067	19193158	156983
3.521083775	dedup	102.0	35.5	5.08	0.203	49734088	326277	7416588	14411939	19104385	154898
4.023052422	dedup	102.0	35.5	5.08	0.203	50385448	321824	7668808	15033364	19512375	156205
4.525048780	dedup	102.0	35.5	5.08	0.203	49643046	317533	7534139	14796221	19196870	154472
5.027081754	dedup	102.0	35.0	5.08	0.203	49923277	319846	7612707	14883390	19326794	155086
5.529088947	dedup	102.0	35.5	5.08	0.203	51001947	318109	7810016	15375025	19777020	159311
6.031213488	dedup	102.0	35.5	5.08	0.203	51019959	320752	7895799	15526789	19846313	159563
6.532815932	dedup	102.0	35.5	5.08	0.203	51538196	322185	7846703	15352113	19882241	160359
7.034670571	dedup	102.0	35.5	5.08	0.203	51175219	315136	7802504	15367790	19760120	159624
7.536927149	dedup	102.0	35.5	5.08	0.203	50200217	314750	7834883	15400611	19638513	156125
8.038829291	dedup	102.0	35.0	5.08	0.203	51340167	316946	8036227	15924019	20103982	158254
8.540780393	dedup	102.0	35.5	5.08	0.203	49703867	305140	7919393	15662102	19619801	153118
9.042865666	dedup	102.0	35.5	5.08	0.203	50021743	307049	7989857	15780649	19765979	153586
9.544884792	dedup	102.0	35.5	5.08	0.203	50877309	312802	7972662	15748404	19903879	158838
10.047037204	dedup	102.0	36.0	5.08	0.203	50347758	303556	8098604	16045876	19962378	153026
10.550434960	dedup	102.0	35.0	5.08	0.203	49362215	305716	7774582	15408094	19418586	153463
11.052086475	dedup	102.0	35.0	5.08	0.203	50786994	304948	8149524	16160591	20046554	154658
11.554374100	dedup	102.0	35.0	5.08	0.203	50474190	305179	8252025	16413497	20133047	156309
12.056057961	dedup	102.0	35.5	5.08	0.243	50991818	303893	8369398	16554389	20410499	157726
12.558135843	dedup	102.0	35.0	5.08	0.203	48948155	289845	8047960	16041423	19518810	147806
13.060043722	dedup	102.0	35.0	5.08	0.162	50543062	305747	8895777	17522209	20917843	154155
13.562676463	dedup	102.0	35.0	5.08	0.162	51888015	311514	8197095	16121347	20590769	158645
14.064595645	dedup	102.0	35.0	5.072	0.162	66462382	401547	8862097	16546875	23951527	210896
14.544143943	dedup	102.0	35.5	5.08	0.162	54152881	289990	7993887	15608588	19920770	327749
0.503071154	freqmine	102.0	34.5	5.08	0.203	51462395	289443	11431606	24204569	25326704	130968
1.007785528	freqmine	102.0	35.0	5.08	0.203	50252921	335344	7056515	13600848	18722167	156041
1.509887491	freqmine	102.0	34.5	5.08	0.203	50735734	341907	7313054	14160039	19188075	157510
2.011852680	freqmine	102.0	35.0	5.08	0.203	50032148	335044	7179522	13836776	18869626	154642
2.514361686	freqmine	102.0	35.0	5.08	0.203	50598138	336591	7571357	14796044	19497309	157142
3.016125361	freqmine	102.0	35.0	5.08	0.203	50021671	327139	7518773	14703847	19288941	151774
3.518845884	freqmine	102.0	34.5	5.08	0.203	50731790	327446	7546273	14726777	19453345	154658
4.021401455	freqmine	102.0	34.5	5.08	0.203	50125499	325978	7555784	14812274	19318420	154502
4.523578371	freqmine	102.0	34.5	5.08	0.203	50887154	322477	7767537	15239456	19715728	155225
5.026036909	freqmine	102.0	35.0	5.08	0.203	50219943	316163	7687231	15070952	19511162	153115
5.527758034	freqmine	102.0	35.0	5.08	0.203	51857646	327539	7894037	15548414	20056112	161124
6.029950160	freqmine	102.0	34.5	5.08	0.203	51018712	320569	7760451	15284386	19717037	157777
6.532106036	freqmine	102.0	34.5	5.08	0.203	51356257	325093	7909457	15601067	19937491	157613
7.035421317	freqmine	102.0	35.0	5.08	0.203	51133110	320490	7819983	15350202	19811678	156095
7.538160073	freqmine	102.0	34.5	5.08	0.203	50995662	315572	7873578	15585234	19850886	155009
8.040166259	freqmine	102.0	35.0	5.08	0.203	50457851	312098	7894556	15566754	19755624	155882
8.542192550	freqmine	102.0	34.5	5.08	0.203	50631748	311891	8075850	16013689	20010565	154168
9.044149881	freqmine	102.0	34.5	5.08	0.203	49986979	308377	7924412	15742568	19730971	150310
9.547160000	freqmine	102.0	34.5	5.08	0.203	50532686	308379	7951575	15755281	19752409	154984
10.049201397	freqmine	102.0	34.5	5.08	0.203	50680287	305834	8118613	16136070	20027673	152432
10.551238315	freqmine	102.0	34.5	5.08	0.243	50071239	311412	7785276	15391514	19517267	153385
11.054682144	freqmine	102.0	35.0	5.08	0.203	50138671	303494	8213950	16407334	20022533	150624
11.556494682	freqmine	102.0	35.0	5.08	0.203	49852310	303612	8125855	16104216	19918955	149719
12.058529674	freqmine	102.0	35.0	5.08	0.243	50493290	304467	8162213	16214149	20037911	152023
12.560646700	freqmine	102.0	35.0	5.08	0.162	50089805	301314	8313067	16609652	20151443	149665
13.062636067	freqmine	102.0	34.5	5.08	0.162	50152592	311253	8396752	16226273	20313990	155137
13.565074405	freqmine	102.0	35.0	5.08	0.162	52222728	312613	8265907	16475663	20681492	163201
14.066953978	freqmine	102.0	34.5	5.08	0.162	60517875	375366	7896044	14640977	21560329	186026
14.525772232	freqmine	102.0	34.5	5.08	0.162	56287267	539868	10907635	16386024	24250088	233073
0.501098525	streamcluster	102.0	35.0	5.08	0.203	50827742	279732	11334966	24031827	24997781	150860
1.003254318	streamcluster	102.0	34.5	5.08	0.203	51385682	339732	7264277	13973670	19179616	162553
1.505196928	streamcluster	102.0	35.0	5.08	0.203	50572003	335415	7242560	13947006	19003406	160169
2.007276990	streamcluster	102.0	35.0	5.08	0.203	50328348	333672	7305777	14138506	19061631	157246
2.509562371	streamcluster	102.0	34.5	5.08	0.203	50446726	329412	7495093	14587969	19302830	156337
3.011535140	streamcluster	102.0	35.0	5.08	0.203	50315273	326899	7533708	14687898	19305552	154226
3.513859897	streamcluster	102.0	34.5	5.08	0.203	50961649	332635	7619123	14823719	19602846	156284
4.016150175	streamcluster	102.0	35.0	5.08	0.203	49970259	317153	7643141	15017068	19343566	153908
4.517833875	streamcluster	102.0	35.0	5.08	0.203	50635602	322065	7747540	15153403	19656132	155914
5.020306450	streamcluster	102.0	35.0	5.08	0.203	50174797	319093	7518531	14715822	19248861	154227
5.522055621	streamcluster	102.0	34.5	5.08	0.203	48557900	309906	7461297	14702762	18873119	149568
6.024355953	streamcluster	102.0	35.0	5.08	0.203	50887103	319320	7853384	15476128	19754380	158208
6.525991111	streamcluster	102.0	35.0	5.08	0.203	50651384	318322	7608006	14860372	19425399	157042
7.028259099	streamcluster	102.0	35.0	5.08	0.203	51191515	319676	7905651	15634439	19939401	157829
7.530598599	streamcluster	102.0	34.5	5.08	0.203	51067402	315905	7910844	15559159	19878133	156966
8.032827473	streamcluster	102.0	35.0	5.08	0.203	49346847	304127	7712434	15275374	19291779	150872
8.534785558	streamcluster	102.0	34.5	5.08	0.203	49747620	305053	7875980	15572348	19594394	153485
9.036824010	streamcluster	102.0	35.0	5.08	0.203	50115041	302878	7946437	15757139	19709639	152007
9.538893401	streamcluster	102.0	35.0	5.08	0.203	50528590	307905	8036505	15889329	19861145	154559
10.040973470	streamcluster	102.0	35.0	5.08	0.203	50915059	306497	8177533	16274650	20114298	154488
10.542876660	streamcluster	102.0	35.0	5.08	0.203	50958130	308812	8075617	16041362	20045864	154649
11.044997616	streamcluster	102.0	35.0	5.08	0.203	50413423	303361	8147519	16135830	20033582	150430
11.547064457	streamcluster	102.0	34.5	5.08	0.202	50228340	295665	8060828	16071244	19855362	153315
12.049178018	streamcluster	102.0	34.5	5.08	0.243	51217155	301676	8493332	16939560	20565702	153323
12.551116002	streamcluster	102.0	35.0	5.08	0.162	49932855	298272	8141440	16221864	19943496	152203
13.053148312	streamcluster	102.0	34.5	5.08	0.162	50804661	304793	9035881	17776491	21139553	155662
13.554967699	streamcluster	102.0	35.0	5.08	0.162	50394319	312042	8061047	15947812	20166316	152210
14.057370436	streamcluster	102.0	35.0	5.08	0.162	63132633	377503	8365136	15867896	22685880	201006
14.364652292	streamcluster	102.0	35.0	5.08	0.162	41957601	241680	5719227	11011607	15198647	139370
0.502353582	streamcluster	102.0	34.5	5.08	0.203	51044429	279797	11400650	24138808	25134905	132914
1.004815240	streamcluster	102.0	35.0	5.08	0.203	50808945	338589	7213209	13878512	18999111	163029
1.506977827	streamcluster	102.0	35.0	5.08	0.203	50664784	335085	7255117	13931002	18977244	162647
2.008935463	streamcluster	102.0	35.0	5.08	0.203	50898398	331331	7372762	14225162	19176349	162493
2.512446003	streamcluster	102.0	35.0	5.08	0.203	50427055	326649	7499894	14569440	19264550	161645
3.014383481	streamcluster	102.0	35.0	5.08	0.203	49803892	321636	7504953	14599569	19177947	157672
3.516364295	streamcluster	102.0	35.0	5.08	0.203	50656062	322286	7605447	14745067	19413813	160242
4.018396569	streamcluster	102.0	35.0	5.08	0.203	51754529	325627	7890545	15422310	19994745	161975
4.520654838	streamcluster	102.0	34.5	5.08	0.203	50474651	319506	7699220	15091494	19461489	159190
5.022732270	streamcluster	102.0	35.0	5.08	0.203	51110958	319973	7815588	15281926	19757505	162073
5.524752565	streamcluster	102.0	35.0	5.08	0.203	50594375	315107	7717038	15153155	19545375	159348
6.027342511	streamcluster	102.0	34.5	5.08	0.203	51345689	318935	7913013	15546211	19875458	161673
6.528992068	streamcluster	102.0	34.5	5.08	0.203	50865984	317377	7677890	14960927	19503288	159074
7.031018928	streamcluster	102.0	34.5	5.08	0.203	50562938	313017	7812760	15391862	19615097	159065
7.533711325	streamcluster	102.0	35.0	5.08	0.203	51387183	313763	7983006	15700083	20033607	161488
8.035361405	streamcluster	102.0	34.5	5.08	0.203	51057041	311760	8084048	15935417	20001763	159655
8.537609833	streamcluster	102.0	35.0	5.08	0.243	50011755	305493	7855508	15520389	19549294	155537
9.039569974	streamcluster	102.0	35.0	5.08	0.203	50202561	300649	8009450	15818423	19764195	154272
9.541548031	streamcluster	102.0	34.5	5.08	0.203	50492075	308813	7905214	15610902	19720346	158385
10.043603852	streamcluster	102.0	35.0	5.08	0.203	51174282	304348	8204274	16290093	20173008	158888
10.545940982	streamcluster	102.0	34.5	5.08	0.203	49937537	298790	8059286	16009768	19729790	154026
11.047621428	streamcluster	102.0	35.0	5.08	0.243	48427131	298441	7600181	15068689	18869822	151374
11.549966111	streamcluster	102.0	35.0	5.072	0.203	50316556	301941	8064962	15947553	19792490	153351
12.052022663	streamcluster	102.0	35.0	5.072	0.162	51459697	295875	8467605	16854955	20505682	157328
12.554306564	streamcluster	102.0	35.0	5.08	0.162	50687919	300635	8468332	16846373	20418495	156453
13.056113786	streamcluster	102.0	35.0	5.08	0.162	50358690	302048	8904936	17533569	20887737	152890
13.558166120	streamcluster	102.0	35.0	5.08	0.162	50602302	306050	8057780	15886135	20114731	153534
14.059990062	streamcluster	102.0	35.5	5.08	0.162	65853892	388569	8722967	16454781	23585431	215371
14.334923541	streamcluster	102.0	34.5	5.08	0.162	36614784	210564	5000609	9614994	13254052	123957
0.501260293	vips	102.0	35.0	5.08	0.203	50516349	275761	11321827	23993225	24882043	131080
1.005792702	vips	102.0	35.0	5.08	0.203	51709448	341368	7327928	14090797	19294205	161835
