102000
34500
5080
203
102000
34500
5080
203
102000
34500
5080
203
102000
34500
5080
203
102000
34500
5080
203
102000
34500
5080
203
102000
35000
5080
203
102000
34500
5080
203
102000
34500
5080
203
102000
35000
5080
203
102000
34500
5080
203
102000
34500
5080
203
102000
34500
5080
203
102000
35000
5080
203
102000
34500
5080
203
102000
35000
5080
203
102000
34500
5080
203
102000
34500
5080
203
102000
34500
5080
203
102000
34500
5080
203
102000
35000
5080
203
102000
34500
5080
203
102000
34500
5080
203
102000
34500
5080
203
102000
34500
5080
243
102000
34500
5072
203
102000
35000
5072
202
102000
35000
5080
162
102000
34500
5080
162
102000
35000
5080
162
102000
34500
5080
162
102000
34500
5080
162
